2
4
5
6
8
11
16
17
21
22
23
24
25
26
28
29
30
32
33
36
41
45
46
48
49
52
53
54
55
57
58
59
60
61
63
64
65
66
68
71
72
74
78
79
80
81
88
89
90
91
92
97
98
100
103
109
110
113
115
116
119
123
126
128
129
130
131
132
134
135
138
139
141
145
146
148
150
151
155
156
157
158
165
168
173
174
176
180
181
182
183
186
188
189
190
192
193
194
196
197
198
199
200
201
204
205
207
208
209
210
213
214
216
219
221
224
226
227
230
231
234
235
236
237
238
239
240
242
243
244
246
250
252
253
254
255
256
259
260
262
263
265
267
269
270
272
274
275
276
277
279
281
283
286
288
290
296
298
299
300
301
303
306
307
311
313
314
315
317
318
319
320
323
326
327
330
332
333
335
336
337
341
344
345
346
349
350
351
352
354
355
356
358
361
365
367
368
369
370
372
378
379
380
381
382
384
389
390
392
393
398
403
405
406
407
408
410
413
417
419
421
429
432
435
439
440
441
442
443
444
445
447
450
453
454
455
456
457
458
461
462
463
464
467
469
470
471
472
473
474
479
481
482
483
487
488
490
492
496
497
498
499
501
502
504
506
507
508
510
512
513
516
517
518
520
524
526
527
529
530
533
535
538
541
543
546
547
549
551
555
558
560
561
562
563
568
570
573
574
576
577
580
583
584
585
588
589
590
596
597
598
599
603
605
606
607
609
610
611
612
613
614
615
617
623
624
626
628
629
631
632
634
638
640
641
642
643
644
645
649
650
653
654
657
660
661
664
666
668
669
672
673
675
677
678
681
682
684
685
687
688
690
696
698
699
700
701
702
703
705
706
707
708
709
711
715
716
718
720
722
724
725
727
728
729
730
731
732
733
734
737
740
741
743
746
747
748
750
751
753
757
758
759
760
761
762
763
766
767
768
769
771
773
774
775
777
778
779
780
784
785
786
793
796
798
801
802
807
808
810
811
812
813
814
816
817
818
820
823
824
825
828
831
834
835
836
837
838
839
840
842
843
844
845
849
850
852
853
858
860
862
863
868
870
873
876
885
887
889
890
891
892
895
898
899
903
906
907
908
909
910
912
915
916
918
919
920
921
923
924
926
932
933
935
936
937
938
940
943
944
945
948
950
954
956
957
958
960
961
962
963
967
969
976
980
982
985
993
994
996
997
999
1001
1002
1005
1007
1011
1013
1014
1015
1016
1017
1018
1020
1021
1022
1025
1026
1027
1029
1030
1031
1037
1041
1042
1043
1045
1046
1047
1049
1053
1055
1056
1058
1059
1062
1067
1071
1073
1076
1078
1082
1085
1086
1088
1092
1095
1097
1098
1101
1103
1104
1106
1107
1108
1111
1112
1116
1117
1119
1120
1122
1123
1125
1126
1129
1132
1133
1134
1137
1140
1142
1143
1144
1145
1146
1147
1149
1150
1151
1152
1156
1160
1161
1162
1166
1168
1169
1171
1172
1176
1181
1184
1187
1189
1190
1194
1195
1196
1197
1198
1200
1202
1205
1207
1213
1214
1217
1218
1222
1223
1226
1227
1229
1232
1239
1240
1241
1243
1245
1246
1249
1253
1256
1257
1260
1261
1262
1264
1267
1269
1270
1272
1273
1275
1276
1279
1280
1281
1284
1285
1287
1288
1289
1290
1293
1294
1295
1296
1297
1298
1300
1302
1303
1307
1308
1309
1310
1311
1312
1313
1315
1316
1317
1318
1323
1324
1325
1328
1329
1330
1333
1334
1335
1336
1337
1338
1339
1344
1348
1350
1353
1355
1357
1358
1361
1363
1366
1368
1370
1371
1375
1376
1377
1378
1382
1385
1386
1387
1388
1391
1393
1395
1396
1398
1399
1401
1405
1406
1409
1410
1414
1416
1417
1418
1422
1423
1424
1425
1427
1428
1431
1432
1435
1439
1443
1444
1445
1449
1450
1451
1452
1453
1455
1456
1457
1458
1462
1463
1464
1467
1468
1470
1471
1477
1482
1485
1486
1487
1488
1489
1491
1492
1494
1495
1498
1499
1500
1502
1505
1506
1507
1508
1511
1512
1515
1517
1519
1522
1523
1525
1526
1531
1532
1533
1536
1537
1539
1540
1541
1542
1543
1546
1547
1550
1557
1558
1559
1560
1561
1562
1563
1567
1568
1569
1572
1574
1577
1579
1581
1584
1587
1588
1595
1596
1597
1599
1602
1604
1605
1606
1609
1610
1611
1612
1616
1620
1621
1624
1625
1628
1632
1633
1634
1635
1636
1637
1639
1641
1642
1643
1644
1646
1647
1648
1649
1653
1654
1655
1656
1658
1661
1664
1665
1666
1667
1671
1673
1674
1675
1678
1680
1682
1684
1685
1686
1687
1688
1689
1690
1691
1692
1694
1696
1698
1703
1704
1705
1706
1707
1708
1709
1710
1711
1714
1718
1720
1721
1722
1723
1724
1725
1728
1729
1731
1732
1733
1735
1737
1741
1742
1743
1746
1747
1751
1760
1762
1764
1765
1767
1768
1769
1770
1771
1774
1775
1777
1778
1780
1785
1786
1787
1790
1791
1794
1795
1797
1799
1800
1802
1803
1805
1806
1807
1810
1812
1813
1815
1818
1820
1821
1823
1824
1829
1830
1836
1837
1839
1840
1841
1846
1848
1850
1851
1852
1853
1854
1856
1858
1863
1865
1866
1873
1874
1875
1876
1877
1878
1879
1881
1886
1888
1889
1890
1891
1892
1895
1898
1901
1903
1910
1912
1913
1914
1915
1916
1919
1922
1924
1925
1926
1927
1929
1931
1932
1933
1938
1939
1944
1945
1946
1947
1951
1953
1954
1955
1962
1964
1965
1966
1967
1968
1970
1971
1972
1974
1975
1976
1977
1979
1980
1981
1983
1984
1985
1987
1989
1990
1991
1995
1996
